33106234
33105706
33053537
33101401
33106196
33082759
33077022
33101487
33105773
33103303
33039314
33103464
33078012
33103157
33044167
33098704
33102639
33079029
33101407
33101867
33105880
33069052
33102059
33102582
33100779
33096580
33075910
33079455
33104679
33054006
33103267
33103657
33047997
33101562
33049627
33053407
33100130
33096899
33097663
33054741
33052483
33101922
33099872
33082128
33094829
33099707
33095823
33097469
33099312
33104723
33099876
33104270
33091903
33103171
33043883
33094627
33077473
33084205
33096395
33098970
33094710
33104553
33095541
33097829
33092974
33103567
33049787
33098383
33053293
33093278
33097113
33106040
33102899
33053485
33097144
33094720
33104614
33078719
33093666
33089535
33096449
33100687
33095890
33085532
33103007
33096667
33103329
33087525
33096995
33083550
33085410
33103525
33101447
33097117
33049809
33101381
33094636
33086322
33078280
33039106
33078629
33090205
33052593
33074289
33097235
33097617
33094744
33073638
33058004
33054287
33086768
33039904
33067962
33101358
33085884
33092918
33097511
33091972
33101272
33085976
33097754
33089131
33092809
33094064
33090580
33099182
33096836
33101383
33081159
33086746
33092021
33081443
33094536
33103027
33089022
33104128
33087850
33080631
33101541
33071119
33083661
33045372
33042725
33062606
33077533
33086039
33093832
33105300
33082064
33105273
33053918
33088332
33105237
33043945
33072083
33082688
33044753
33098714
33100536
33076092
33054264
33050004
33068017
33085269
33045530
33092668
33103150
33080799
33085837
33077407
33098201
33086153
33104072
33104194
33090661
33096826
33078249
33076160
33101268
33102847
33061058
33104691
33102736
33070247
33104326
33078631
33097079
33081206
33071090
33096540
33041355
33077441
33076012
33084508
33103140
33066399
33101914
33096431
33050116
33100432
33104049
33103178
33068421
33100050
33101131
33037975
33101419
33099834
33087535
33078596
33096468
33103867
33081621
33069477
33103283
33077118
33074747
33088214
33080052
33052612
33082636
33071055
33098785
33069547
33071069
33058969
33058242
33100153
33094569
33097261
33097189
33098302
33068340
33045872
33053020
33101862
33087097
33075401
33078212
33098069
33106274
33083279
33096825
33044913
33080251
33091804
33092945
33069696
33059910
33078441
33104085
33090417
33102014
33055340
33097075
33078952
33076053
33079714
33078147
33057003
33050883
33048469
33071351
33082472
33105987
33063196
33049046
33047912
33089467
33064394
33040505
33078768
33070131
33100802
33093941
33061826
33068330
33044767
33066452
33047791
33034351
33081709
33068563
33052550
33065297
33105067
33088798
33101348
33104447
33083064
33037171
33025446
33045371
33102095
33068353
33077038
33085649
33068418
33071275
33095553
33047574
33077489
33101932
33066626
33043489
33079544
33049922
33070920
33065322
33048991
33043737
33078798
33101717
33070829
33068978
33068308
33101563
33042258
33094435
33083710
33056993
33045219
33099294
33055426
33084926
33039967
33075525
33092118
33101349
33088216
33072030
33101263
33067056
33076821
33102208
33045956
33061167
33068114
33044427
33084431
33099513
33096856
33098261
33047199
33086161
33100933
33086058
33045763
33094506
33085687
33085650
33093320
33046921
33097439
33093089
33060527
33053149
33065245
33063642
33102880
33088223
33077896
33084601
33100159
33097081
33042732
33067345
33049844
33068115
33047023
33074025
33016217
33066593
33056743
33057946
33055911
33061000
33054379
33048355
33071408
33044492
33086657
33047634
33086492
33049277
33046190
33038139
33044772
33033017
33075458
33063619
33092207
33062252
33040873
33091865
33091434
33041733
33100836
33094604
33102370
33067320
33053144
33039245
33098697
33096866
33103795
33089100
33046281
33040830
33102049
33066816
33102041
33091267
33083518
33067895
33084521
33052127
33090594
33046188
33034631
33101859
33045539
33061299
33076434
33041714
33094449
33057573
33101725
33103081
33095770
33048618
33043513
33088555
33084366
33069919
33041114
33085913
33088733
33041644
33074663
33054047
33094562
33047706
33050270
33066069
33059231
33077079
33093889
33065161
33097625
33095097
33038143
33089895
33072552
33056153
33073109
33101266
33052307
33076042
33055767
33051393
33083583
33044885
33053286
33082439
33071656
33084269
33035580
33090031
33054430
33059999
33038117
33077573
33037463
33061137
33095931
33095921
33042253
33064383
33072846
33083500
33091759
33050517
33065158
33093618
33046171
33053320
33056052
33038015
33054212
33092000
33046087
33034530
33088628
33034918
33033366
33056576
33091956
33076438
33100206
